0 0 1 ____ 0 2 
0 0 2 ____ 0 2 
0 0 3 ____ 1 2 
0 0 4 ____ 1 2 
1 1 1 0_11 2 2 
1 1 2 _011 2 2 
1 1 3 __11 2 2 
1 1 4 __11 2 2 
2 2 2 _2__ 2 2 
2 1 3 _011 2 2 
2 1 4 _011 2 2 
3 2 2 _222 0 2 
3 2 3 _222 1 2 
3 2 4 _222 0 2 
4 3 2 _010 2 2 
4 3 3 __10 2 2 
4 3 4 __10 2 2 
5 4 2 _2__ 2 2 
5 3 3 _010 2 2 
5 3 4 _010 2 2 
6 4 2 _222 1 2 
6 4 3 _222 1 2 
6 4 4 _222 0 2 
7 5 2 _110 2 2 
7 5 3 __10 2 2 
7 5 4 __10 2 2 
8 6 2 _2__ 2 2 
8 5 3 _110 2 2 
8 5 4 _110 2 2 
9 6 2 _222 1 2 
9 6 3 _222 0 2 
9 6 4 _222 0 2 
10 7 2 _100 2 2 
10 7 3 __00 2 2 
10 7 4 __00 2 2 
11 8 2 _2__ 2 2 
11 7 3 _100 2 2 
11 7 4 _100 2 2 
12 8 2 _222 1 2 
12 8 3 _222 0 2 
12 8 4 _222 1 2 
13 9 2 _101 2 2 
13 9 3 __01 2 2 
13 9 4 __01 2 2 
14 10 2 _2__ 2 2 
14 9 3 _101 2 2 
14 9 4 _101 2 2 
15 10 2 _222 1 2 
15 10 3 _222 1 2 
15 10 4 _222 1 2 
16 11 2 _111 1 2 
16 11 3 __11 2 2 
16 11 4 __11 2 2 
17 12 2 _1__ 2 2 
17 11 3 _111 1 2 
17 11 4 _111 1 2 
18 12 2 _111 1 1 !
18 12 3 _111 1 1 !
18 12 4 _111 1 1 !
19 13 2 _111 1 1 !
19 13 3 __11 2 1 !
19 13 4 __11 2 1 !
20 14 2 _1__ 2 1 !
20 13 3 _111 1 1 !
20 13 4 _111 1 1 !
21 14 2 _111 1 1 !
21 14 3 _111 1 1 !
21 14 4 _111 1 1 !
22 15 2 _111 1 1 !
22 15 3 __11 2 1 !
22 15 4 __11 2 1 !
23 16 2 _1__ 2 1 !
23 15 3 _111 1 1 !
23 15 4 _111 1 1 !
24 16 2 _111 1 1 !
24 16 3 _111 1 1 !
24 16 4 _111 1 1 !
25 17 2 _111 1 1 !
25 17 3 __11 2 1 !
25 17 4 __11 2 1 !
26 18 2 _1__ 2 1 !
26 17 3 _111 1 1 !
26 17 4 _111 1 1 !
27 18 2 _111 1 1 !
27 18 3 _111 1 1 !
27 18 4 _111 1 1 !
28 19 2 _111 1 1 !
28 19 3 __11 2 1 !
28 19 4 __11 2 1 !
29 20 2 _1__ 2 1 !
29 19 3 _111 1 1 !
29 19 4 _111 1 1 !
30 20 2 _111 1 1 !
30 20 3 _111 1 1 !
30 20 4 _111 1 1 !
