0 0 1 ____ 0 2 
0 0 2 ____ 0 2 
0 0 3 ____ 1 2 
0 0 4 ____ 1 2 
1 1 1 0_11 2 2 
1 1 2 _011 2 2 
1 1 3 __11 2 2 
1 1 4 __11 2 2 
2 2 2 _2__ 2 2 
2 1 3 0_11 2 2 
2 1 4 0_11 2 2 
3 2 3 __2_ 2 2 
3 2 4 ___2 2 2 
4 2 2 _222 0 2 
4 2 3 __22 2 2 
4 2 4 __22 2 2 
5 3 2 _0__ 2 2 
10 2 3 __22 2 2 
11 2 4 _222 0 2 
12 3 4 ___0 2 2 
13 3 2 _0_0 2 2 
13 2 3 __22 2 2 
14 3 4 _0_0 2 2 
20 3 4 _0_0 2 2 
13 2 3 _222 1 2 
13 3 3 __10 2 2 
15 3 2 _010 2 2 
15 3 4 _010 2 2 
16 4 2 _2__ 2 2 
16 4 4 ___2 2 2 
17 4 2 _2_2 2 2 
17 3 3 __10 2 2 
17 3 3 _010 2 2 
17 4 3 __22 2 2 
19 4 2 _222 1 2 
19 4 4 __22 2 2 
20 5 2 _1__ 2 2 
25 4 4 _222 0 2 
26 5 4 ___0 2 2 
27 5 2 _1_0 2 2 
27 4 3 __22 2 2 
29 5 4 _1_0 2 2 
27 4 3 _222 1 2 
27 5 3 __10 2 2 
29 5 2 _110 2 2 
29 5 4 _110 2 2 
30 6 2 _2__ 2 2 
30 6 4 ___2 2 2 
31 6 2 _2_2 2 2 
31 5 3 __10 2 2 
31 5 3 _110 2 2 
39 6 4 _2_2 2 2 
31 6 3 __22 2 2 
33 6 2 _222 1 2 
33 6 4 _222 0 2 
34 7 2 _1__ 2 2 
34 7 4 ___0 2 2 
35 7 2 _1_0 2 2 
35 6 3 __22 2 2 
43 7 4 _1_0 2 2 
35 6 3 _222 0 2 
35 7 3 __00 2 2 
37 7 2 _100 2 2 
37 7 4 _100 2 2 
38 8 2 _2__ 2 2 
38 8 4 ___2 2 2 
39 8 2 _2_2 2 2 
39 7 3 __00 2 2 
47 8 4 _2_2 2 2 
39 7 3 _100 2 2 
39 8 3 __22 2 2 
41 8 2 _222 1 2 
41 8 4 _222 1 2 
42 9 2 _1__ 2 2 
42 9 4 ___1 2 2 
43 9 2 _1_1 2 2 
43 8 3 __22 2 2 
51 9 4 _1_1 2 2 
43 8 3 _222 0 2 
43 9 3 __01 2 2 
45 9 2 _101 2 2 
45 9 4 _101 2 2 
46 10 2 _2__ 2 2 
46 10 4 ___2 2 2 
47 10 2 _2_2 2 2 
47 9 3 __01 2 2 
55 10 4 _2_2 2 2 
47 9 3 _101 2 2 
47 10 3 __22 2 2 
49 10 2 _222 1 2 
49 10 4 _222 1 2 
50 11 2 _1__ 2 2 
50 11 4 ___1 2 2 
51 11 2 _1_1 2 2 
51 10 3 __22 2 2 
59 11 4 _1_1 2 2 
51 10 3 _222 1 2 
51 11 3 __11 2 2 
53 11 2 _111 1 2 
53 11 4 _111 1 2 
54 12 2 _1__ 2 2 
54 12 4 ___1 2 2 
55 12 2 _1_1 2 2 
55 11 3 __11 2 2 
63 12 4 _1_1 2 2 
55 11 3 _111 1 2 
55 12 3 __11 2 2 
57 12 2 _111 1 1 !
57 12 4 _111 1 1 !
58 13 2 _1__ 2 1 !
58 13 4 ___1 2 1 !
59 13 2 _1_1 2 1 !
59 12 3 __11 2 2 
67 13 4 _1_1 2 1 !
59 12 3 _111 1 1 !
59 13 3 __11 2 1 !
61 13 2 _111 1 1 !
61 13 4 _111 1 1 !
62 14 2 _1__ 2 1 !
62 14 4 ___1 2 1 !
63 14 2 _1_1 2 1 !
63 13 3 __11 2 1 !
71 14 4 _1_1 2 1 !
63 13 3 _111 1 1 !
63 14 3 __11 2 1 !
65 14 2 _111 1 1 !
65 14 4 _111 1 1 !
66 15 2 _1__ 2 1 !
66 15 4 ___1 2 1 !
67 15 2 _1_1 2 1 !
67 14 3 __11 2 1 !
75 15 4 _1_1 2 1 !
67 14 3 _111 1 1 !
67 15 3 __11 2 1 !
69 15 2 _111 1 1 !
69 15 4 _111 1 1 !
70 16 2 _1__ 2 1 !
70 16 4 ___1 2 1 !
71 16 2 _1_1 2 1 !
71 15 3 __11 2 1 !
79 16 4 _1_1 2 1 !
71 15 3 _111 1 1 !
71 16 3 __11 2 1 !
73 16 2 _111 1 1 !
73 16 4 _111 1 1 !
74 17 2 _1__ 2 1 !
74 17 4 ___1 2 1 !
75 17 2 _1_1 2 1 !
75 16 3 __11 2 1 !
83 17 4 _1_1 2 1 !
75 16 3 _111 1 1 !
75 17 3 __11 2 1 !
77 17 2 _111 1 1 !
77 17 4 _111 1 1 !
78 18 2 _1__ 2 1 !
78 18 4 ___1 2 1 !
79 18 2 _1_1 2 1 !
79 17 3 __11 2 1 !
87 18 4 _1_1 2 1 !
79 17 3 _111 1 1 !
79 18 3 __11 2 1 !
81 18 2 _111 1 1 !
81 18 4 _111 1 1 !
82 19 2 _1__ 2 1 !
82 19 4 ___1 2 1 !
83 19 2 _1_1 2 1 !
83 18 3 __11 2 1 !
91 19 4 _1_1 2 1 !
83 18 3 _111 1 1 !
83 19 3 __11 2 1 !
85 19 2 _111 1 1 !
85 19 4 _111 1 1 !
86 20 2 _1__ 2 1 !
86 20 4 ___1 2 1 !
87 20 2 _1_1 2 1 !
87 19 3 __11 2 1 !
95 20 4 _1_1 2 1 !
87 19 3 _111 1 1 !
87 20 3 __11 2 1 !
89 20 2 _111 1 1 !
89 20 4 _111 1 1 !
105 20 3 _111 1 1 !
