... 1 < 0 0 0 1 0
    1 : 0 0 1 ____ 0 2 
    1 > 0 1 1 1 0, 0 1 1 2 0, 0 1 1 3 0, 0 1 1 4 0
... 2 < 0 0 0 2 0
    2 : 0 0 2 ____ 0 2 
    2 > 0 1 2 1 0, 0 1 2 2 0, 0 1 2 3 0, 0 1 2 4 0
... 3 < 0 0 0 3 1
    3 : 0 0 3 ____ 1 2 
    3 > 0 1 3 1 1, 0 1 3 2 1, 0 1 3 3 1, 0 1 3 4 1
... 4 < 0 0 0 4 1
    4 : 0 0 4 ____ 1 2 
    4 > 0 1 4 1 1, 0 1 4 2 1, 0 1 4 3 1, 0 1 4 4 1
... 1 < 1 1 1 1 0, 1 1 3 1 1, 1 1 4 1 1
    1 : 1 1 1 0_11 2 2 
    1 -
... 2 < 1 1 2 2 0, 1 1 3 2 1, 1 1 4 2 1
    2 : 1 1 2 _011 2 2 
    2 > 1 2 2 1 2, 1 2 2 2 2, 1 2 2 3 2, 1 2 2 4 2
... 3 < 1 1 3 3 1, 1 1 4 3 1
    3 : 1 1 3 __11 2 2 
    3 >
... 4 < 1 1 3 4 1, 1 1 4 4 1
    4 : 1 1 4 __11 2 2 
    4 >
... 2 < 2 2 2 2 2
    2 : 2 2 2 _2__ 2 2 
    2 >
... 3 < 2 1 2 3 0
    3 : 2 1 3 _011 2 2 
    3 > 2 2 3 1 2, 2 2 3 2 2, 2 2 3 3 2, 2 2 3 4 2
... 4 < 2 1 2 4 0
    4 : 2 1 4 _011 2 2 
    4 > 2 2 4 1 2, 2 2 4 2 2, 2 2 4 3 2, 2 2 4 4 2
... 2 < 3 1 1 2 0, 3 2 3 2 2, 3 2 4 2 2
    2 : 3 2 2 _222 0 2 
    2 > 3 3 2 1 0, 3 3 2 2 0, 3 3 2 3 0, 3 3 2 4 0
... 3 < 3 1 1 3 0, 3 2 2 3 2, 3 2 3 3 2, 3 2 4 3 2
    3 : 3 2 3 _222 1 2 
    3 > 3 3 3 1 1, 3 3 3 2 1, 3 3 3 3 1, 3 3 3 4 1
... 4 < 3 1 1 4 0, 3 2 2 4 2, 3 2 3 4 2, 3 2 4 4 2
    4 : 3 2 4 _222 0 2 
    4 > 3 3 4 1 0, 3 3 4 2 0, 3 3 4 3 0, 3 3 4 4 0
... 2 < 4 3 2 2 0, 4 3 3 2 1, 4 3 4 2 0
    2 : 4 3 2 _010 2 2 
    2 > 4 4 2 1 2, 4 4 2 2 2, 4 4 2 3 2, 4 4 2 4 2
... 3 < 4 3 3 3 1, 4 3 4 3 0
    3 : 4 3 3 __10 2 2 
    3 >
... 4 < 4 3 3 4 1, 4 3 4 4 0
    4 : 4 3 4 __10 2 2 
    4 >
... 2 < 5 4 2 2 2
    2 : 5 4 2 _2__ 2 2 
    2 >
... 3 < 5 3 2 3 0
    3 : 5 3 3 _010 2 2 
    3 > 5 4 3 1 2, 5 4 3 2 2, 5 4 3 3 2, 5 4 3 4 2
... 4 < 5 3 2 4 0
    4 : 5 3 4 _010 2 2 
    4 > 5 4 4 1 2, 5 4 4 2 2, 5 4 4 3 2, 5 4 4 4 2
... 2 < 6 4 3 2 2, 6 4 4 2 2
    2 : 6 4 2 _222 1 2 
    2 > 6 5 2 1 1, 6 5 2 2 1, 6 5 2 3 1, 6 5 2 4 1
... 3 < 6 4 2 3 2, 6 4 3 3 2, 6 4 4 3 2
    3 : 6 4 3 _222 1 2 
    3 > 6 5 3 1 1, 6 5 3 2 1, 6 5 3 3 1, 6 5 3 4 1
... 4 < 6 4 2 4 2, 6 4 3 4 2, 6 4 4 4 2
    4 : 6 4 4 _222 0 2 
    4 > 6 5 4 1 0, 6 5 4 2 0, 6 5 4 3 0, 6 5 4 4 0
... 2 < 7 5 2 2 1, 7 5 3 2 1, 7 5 4 2 0
    2 : 7 5 2 _110 2 2 
    2 > 7 6 2 1 2, 7 6 2 2 2, 7 6 2 3 2, 7 6 2 4 2
... 3 < 7 5 3 3 1, 7 5 4 3 0
    3 : 7 5 3 __10 2 2 
    3 >
... 4 < 7 5 3 4 1, 7 5 4 4 0
    4 : 7 5 4 __10 2 2 
    4 >
... 2 < 8 6 2 2 2
    2 : 8 6 2 _2__ 2 2 
    2 >
... 3 < 8 5 2 3 1
    3 : 8 5 3 _110 2 2 
    3 > 8 6 3 1 2, 8 6 3 2 2, 8 6 3 3 2, 8 6 3 4 2
... 4 < 8 5 2 4 1
    4 : 8 5 4 _110 2 2 
    4 > 8 6 4 1 2, 8 6 4 2 2, 8 6 4 3 2, 8 6 4 4 2
... 2 < 9 6 3 2 2, 9 6 4 2 2
    2 : 9 6 2 _222 1 2 
    2 > 9 7 2 1 1, 9 7 2 2 1, 9 7 2 3 1, 9 7 2 4 1
... 3 < 9 6 2 3 2, 9 6 3 3 2, 9 6 4 3 2
    3 : 9 6 3 _222 0 2 
    3 > 9 7 3 1 0, 9 7 3 2 0, 9 7 3 3 0, 9 7 3 4 0
... 4 < 9 6 2 4 2, 9 6 3 4 2, 9 6 4 4 2
    4 : 9 6 4 _222 0 2 
    4 > 9 7 4 1 0, 9 7 4 2 0, 9 7 4 3 0, 9 7 4 4 0
... 2 < 10 7 2 2 1, 10 7 3 2 0, 10 7 4 2 0
    2 : 10 7 2 _100 2 2 
    2 > 10 8 2 1 2, 10 8 2 2 2, 10 8 2 3 2, 10 8 2 4 2
... 3 < 10 7 3 3 0, 10 7 4 3 0
    3 : 10 7 3 __00 2 2 
    3 >
... 4 < 10 7 3 4 0, 10 7 4 4 0
    4 : 10 7 4 __00 2 2 
    4 >
... 2 < 11 8 2 2 2
    2 : 11 8 2 _2__ 2 2 
    2 >
... 3 < 11 7 2 3 1
    3 : 11 7 3 _100 2 2 
    3 > 11 8 3 1 2, 11 8 3 2 2, 11 8 3 3 2, 11 8 3 4 2
... 4 < 11 7 2 4 1
    4 : 11 7 4 _100 2 2 
    4 > 11 8 4 1 2, 11 8 4 2 2, 11 8 4 3 2, 11 8 4 4 2
... 2 < 12 8 3 2 2, 12 8 4 2 2
    2 : 12 8 2 _222 1 2 
    2 > 12 9 2 1 1, 12 9 2 2 1, 12 9 2 3 1, 12 9 2 4 1
... 3 < 12 8 2 3 2, 12 8 3 3 2, 12 8 4 3 2
    3 : 12 8 3 _222 0 2 
    3 > 12 9 3 1 0, 12 9 3 2 0, 12 9 3 3 0, 12 9 3 4 0
... 4 < 12 8 2 4 2, 12 8 3 4 2, 12 8 4 4 2
    4 : 12 8 4 _222 1 2 
    4 > 12 9 4 1 1, 12 9 4 2 1, 12 9 4 3 1, 12 9 4 4 1
... 2 < 13 9 2 2 1, 13 9 3 2 0, 13 9 4 2 1
    2 : 13 9 2 _101 2 2 
    2 > 13 10 2 1 2, 13 10 2 2 2, 13 10 2 3 2, 13 10 2 4 2
... 3 < 13 9 3 3 0, 13 9 4 3 1
    3 : 13 9 3 __01 2 2 
    3 >
... 4 < 13 9 3 4 0, 13 9 4 4 1
    4 : 13 9 4 __01 2 2 
    4 >
... 2 < 14 10 2 2 2
    2 : 14 10 2 _2__ 2 2 
    2 >
... 3 < 14 9 2 3 1
    3 : 14 9 3 _101 2 2 
    3 > 14 10 3 1 2, 14 10 3 2 2, 14 10 3 3 2, 14 10 3 4 2
... 4 < 14 9 2 4 1
    4 : 14 9 4 _101 2 2 
    4 > 14 10 4 1 2, 14 10 4 2 2, 14 10 4 3 2, 14 10 4 4 2
... 2 < 15 10 3 2 2, 15 10 4 2 2
    2 : 15 10 2 _222 1 2 
    2 > 15 11 2 1 1, 15 11 2 2 1, 15 11 2 3 1, 15 11 2 4 1
... 3 < 15 10 2 3 2, 15 10 3 3 2, 15 10 4 3 2
    3 : 15 10 3 _222 1 2 
    3 > 15 11 3 1 1, 15 11 3 2 1, 15 11 3 3 1, 15 11 3 4 1
... 4 < 15 10 2 4 2, 15 10 3 4 2, 15 10 4 4 2
    4 : 15 10 4 _222 1 2 
    4 > 15 11 4 1 1, 15 11 4 2 1, 15 11 4 3 1, 15 11 4 4 1
... 2 < 16 11 2 2 1, 16 11 3 2 1, 16 11 4 2 1
    2 : 16 11 2 _111 1 2 
    2 > 16 12 2 1 1, 16 12 2 2 1, 16 12 2 3 1, 16 12 2 4 1
... 3 < 16 11 3 3 1, 16 11 4 3 1
    3 : 16 11 3 __11 2 2 
    3 >
... 4 < 16 11 3 4 1, 16 11 4 4 1
    4 : 16 11 4 __11 2 2 
    4 >
... 2 < 17 12 2 2 1
    2 : 17 12 2 _1__ 2 2 
    2 >
... 3 < 17 11 2 3 1
    3 : 17 11 3 _111 1 2 
    3 > 17 12 3 1 1, 17 12 3 2 1, 17 12 3 3 1, 17 12 3 4 1
... 4 < 17 11 2 4 1
    4 : 17 11 4 _111 1 2 
    4 > 17 12 4 1 1, 17 12 4 2 1, 17 12 4 3 1, 17 12 4 4 1
... 2 < 18 12 3 2 1, 18 12 4 2 1
    2 : 18 12 2 _111 1 1 !
    2 > 18 13 2 1 1, 18 13 2 2 1, 18 13 2 3 1, 18 13 2 4 1
... 3 < 18 12 2 3 1, 18 12 3 3 1, 18 12 4 3 1
    3 : 18 12 3 _111 1 1 !
    3 > 18 13 3 1 1, 18 13 3 2 1, 18 13 3 3 1, 18 13 3 4 1
... 4 < 18 12 2 4 1, 18 12 3 4 1, 18 12 4 4 1
    4 : 18 12 4 _111 1 1 !
    4 > 18 13 4 1 1, 18 13 4 2 1, 18 13 4 3 1, 18 13 4 4 1
... 2 < 19 13 2 2 1, 19 13 3 2 1, 19 13 4 2 1
    2 : 19 13 2 _111 1 1 !
    2 > 19 14 2 1 1, 19 14 2 2 1, 19 14 2 3 1, 19 14 2 4 1
... 3 < 19 13 3 3 1, 19 13 4 3 1
    3 : 19 13 3 __11 2 1 !
    3 >
... 4 < 19 13 3 4 1, 19 13 4 4 1
    4 : 19 13 4 __11 2 1 !
    4 >
... 2 < 20 14 2 2 1
    2 : 20 14 2 _1__ 2 1 !
    2 >
... 3 < 20 13 2 3 1
    3 : 20 13 3 _111 1 1 !
    3 > 20 14 3 1 1, 20 14 3 2 1, 20 14 3 3 1, 20 14 3 4 1
... 4 < 20 13 2 4 1
    4 : 20 13 4 _111 1 1 !
    4 > 20 14 4 1 1, 20 14 4 2 1, 20 14 4 3 1, 20 14 4 4 1
... 2 < 21 14 3 2 1, 21 14 4 2 1
    2 : 21 14 2 _111 1 1 !
    2 > 21 15 2 1 1, 21 15 2 2 1, 21 15 2 3 1, 21 15 2 4 1
... 3 < 21 14 2 3 1, 21 14 3 3 1, 21 14 4 3 1
    3 : 21 14 3 _111 1 1 !
    3 > 21 15 3 1 1, 21 15 3 2 1, 21 15 3 3 1, 21 15 3 4 1
... 4 < 21 14 2 4 1, 21 14 3 4 1, 21 14 4 4 1
    4 : 21 14 4 _111 1 1 !
    4 > 21 15 4 1 1, 21 15 4 2 1, 21 15 4 3 1, 21 15 4 4 1
... 2 < 22 15 2 2 1, 22 15 3 2 1, 22 15 4 2 1
    2 : 22 15 2 _111 1 1 !
    2 > 22 16 2 1 1, 22 16 2 2 1, 22 16 2 3 1, 22 16 2 4 1
... 3 < 22 15 3 3 1, 22 15 4 3 1
    3 : 22 15 3 __11 2 1 !
    3 >
... 4 < 22 15 3 4 1, 22 15 4 4 1
    4 : 22 15 4 __11 2 1 !
    4 >
... 2 < 23 16 2 2 1
    2 : 23 16 2 _1__ 2 1 !
    2 >
... 3 < 23 15 2 3 1
    3 : 23 15 3 _111 1 1 !
    3 > 23 16 3 1 1, 23 16 3 2 1, 23 16 3 3 1, 23 16 3 4 1
... 4 < 23 15 2 4 1
    4 : 23 15 4 _111 1 1 !
    4 > 23 16 4 1 1, 23 16 4 2 1, 23 16 4 3 1, 23 16 4 4 1
... 2 < 24 16 3 2 1, 24 16 4 2 1
    2 : 24 16 2 _111 1 1 !
    2 > 24 17 2 1 1, 24 17 2 2 1, 24 17 2 3 1, 24 17 2 4 1
... 3 < 24 16 2 3 1, 24 16 3 3 1, 24 16 4 3 1
    3 : 24 16 3 _111 1 1 !
    3 > 24 17 3 1 1, 24 17 3 2 1, 24 17 3 3 1, 24 17 3 4 1
... 4 < 24 16 2 4 1, 24 16 3 4 1, 24 16 4 4 1
    4 : 24 16 4 _111 1 1 !
    4 > 24 17 4 1 1, 24 17 4 2 1, 24 17 4 3 1, 24 17 4 4 1
... 2 < 25 17 2 2 1, 25 17 3 2 1, 25 17 4 2 1
    2 : 25 17 2 _111 1 1 !
    2 > 25 18 2 1 1, 25 18 2 2 1, 25 18 2 3 1, 25 18 2 4 1
... 3 < 25 17 3 3 1, 25 17 4 3 1
    3 : 25 17 3 __11 2 1 !
    3 >
... 4 < 25 17 3 4 1, 25 17 4 4 1
    4 : 25 17 4 __11 2 1 !
    4 >
... 2 < 26 18 2 2 1
    2 : 26 18 2 _1__ 2 1 !
    2 >
... 3 < 26 17 2 3 1
    3 : 26 17 3 _111 1 1 !
    3 > 26 18 3 1 1, 26 18 3 2 1, 26 18 3 3 1, 26 18 3 4 1
... 4 < 26 17 2 4 1
    4 : 26 17 4 _111 1 1 !
    4 > 26 18 4 1 1, 26 18 4 2 1, 26 18 4 3 1, 26 18 4 4 1
... 2 < 27 18 3 2 1, 27 18 4 2 1
    2 : 27 18 2 _111 1 1 !
    2 > 27 19 2 1 1, 27 19 2 2 1, 27 19 2 3 1, 27 19 2 4 1
... 3 < 27 18 2 3 1, 27 18 3 3 1, 27 18 4 3 1
    3 : 27 18 3 _111 1 1 !
    3 > 27 19 3 1 1, 27 19 3 2 1, 27 19 3 3 1, 27 19 3 4 1
... 4 < 27 18 2 4 1, 27 18 3 4 1, 27 18 4 4 1
    4 : 27 18 4 _111 1 1 !
    4 > 27 19 4 1 1, 27 19 4 2 1, 27 19 4 3 1, 27 19 4 4 1
... 2 < 28 19 2 2 1, 28 19 3 2 1, 28 19 4 2 1
    2 : 28 19 2 _111 1 1 !
    2 > 28 20 2 1 1, 28 20 2 2 1, 28 20 2 3 1, 28 20 2 4 1
... 3 < 28 19 3 3 1, 28 19 4 3 1
    3 : 28 19 3 __11 2 1 !
    3 >
... 4 < 28 19 3 4 1, 28 19 4 4 1
    4 : 28 19 4 __11 2 1 !
    4 >
... 2 < 29 20 2 2 1
    2 : 29 20 2 _1__ 2 1 !
    2 >
... 3 < 29 19 2 3 1
    3 : 29 19 3 _111 1 1 !
    3 > 29 20 3 1 1, 29 20 3 2 1, 29 20 3 3 1, 29 20 3 4 1
... 4 < 29 19 2 4 1
    4 : 29 19 4 _111 1 1 !
    4 > 29 20 4 1 1, 29 20 4 2 1, 29 20 4 3 1, 29 20 4 4 1
... 2 < 30 20 3 2 1, 30 20 4 2 1
    2 : 30 20 2 _111 1 1 !
    2 -
... 3 < 30 20 2 3 1, 30 20 3 3 1, 30 20 4 3 1
    3 : 30 20 3 _111 1 1 !
    3 -
... 4 < 30 20 2 4 1, 30 20 3 4 1, 30 20 4 4 1
    4 : 30 20 4 _111 1 1 !
    4 -
