... 1 < 0 0 0 1 0
    1 : 0 0 1 ____ 0 2 
    1 > 0 1 1 1 0, 0 1 1 2 0, 0 1 1 3 0, 0 1 1 4 0
... 2 < 0 0 0 2 0
    2 : 0 0 2 ____ 0 2 
    2 > 0 1 2 1 0, 0 1 2 2 0, 0 1 2 3 0, 0 1 2 4 0
... 3 < 0 0 0 3 1
    3 : 0 0 3 ____ 1 2 
    3 > 0 1 3 1 1, 0 1 3 2 1, 0 1 3 3 1, 0 1 3 4 1
... 4 < 0 0 0 4 1
    4 : 0 0 4 ____ 1 2 
    4 > 0 1 4 1 1, 0 1 4 2 1, 0 1 4 3 1, 0 1 4 4 1
... 1 < 1 1 1 1 0, 1 1 3 1 1, 1 1 4 1 1
    1 : 1 1 1 0_11 2 2 
    1 -
... 2 < 1 1 2 2 0, 1 1 3 2 1, 1 1 4 2 1
    2 : 1 1 2 _011 2 2 
    2 > 1 2 2 1 2, 1 2 2 2 2, 1 2 2 3 2, 1 2 2 4 2
... 3 < 1 1 3 3 1, 1 1 4 3 1
    3 : 1 1 3 __11 2 2 
    3 >
... 4 < 1 1 3 4 1, 1 1 4 4 1
    4 : 1 1 4 __11 2 2 
    4 >
... 2 < 2 1 1 2 0, 2 2 2 2 2
    2 : 2 2 2 _2__ 2 2 
    2 >
... 3 < 2 1 1 3 0
    3 : 2 1 3 0_11 2 2 
    3 > 2 2 3 1 2, 2 2 3 2 2, 2 2 3 3 2, 2 2 3 4 2
... 4 < 2 1 1 4 0
    4 : 2 1 4 0_11 2 2 
    4 > 2 2 4 1 2, 2 2 4 2 2, 2 2 4 3 2, 2 2 4 4 2
... 3 < 3 2 3 3 2
    3 : 3 2 3 __2_ 2 2 
    3 >
... 4 < 3 2 4 4 2
    4 : 3 2 4 ___2 2 2 
    4 >
... 2 < 4 2 3 2 2, 4 2 4 2 2
    2 : 4 2 2 _222 0 2 
    2 > 4 3 2 1 0, 4 3 2 2 0, 4 3 2 3 0, 4 3 2 4 0
... 3 < 4 2 4 3 2
    3 : 4 2 3 __22 2 2 
    3 >
... 4 < 4 2 3 4 2
    4 : 4 2 4 __22 2 2 
    4 >
... 2 < 5 3 2 2 0
    2 : 5 3 2 _0__ 2 2 
    2 >
... 3 < 10 1 2 3 0
    3 : 10 2 3 __22 2 2 
    3 >
... 4 < 11 2 2 4 2
    4 : 11 2 4 _222 0 2 
    4 > 11 3 4 1 0, 11 3 4 2 0, 11 3 4 3 0, 11 3 4 4 0
... 4 < 12 3 4 4 0
    4 : 12 3 4 ___0 2 2 
    4 >
... 2 < 13 3 4 2 0
    2 : 13 3 2 _0_0 2 2 
    2 >
... 3 < 13 3 4 3 0
    3 : 13 2 3 __22 2 2 
    3 >
... 4 < 14 3 2 4 0
    4 : 14 3 4 _0_0 2 2 
    4 >
... 4 < 20 1 2 4 0
    4 : 20 3 4 _0_0 2 2 
    4 >
... 3 < 21 2 2 3 2
    3 : 13 2 3 _222 1 2 
    3 > 13 3 3 1 1, 13 3 3 2 1, 13 3 3 3 1, 13 3 3 4 1
... 3 < 14 3 3 3 1
    3 : 13 3 3 __10 2 2 
    3 >
... 2 < 15 3 3 2 1
    2 : 15 3 2 _010 2 2 
    2 > 15 4 2 1 2, 15 4 2 2 2, 15 4 2 3 2, 15 4 2 4 2
... 4 < 15 3 3 4 1
    4 : 15 3 4 _010 2 2 
    4 > 15 4 4 1 2, 15 4 4 2 2, 15 4 4 3 2, 15 4 4 4 2
... 2 < 16 4 2 2 2
    2 : 16 4 2 _2__ 2 2 
    2 >
... 4 < 16 4 4 4 2
    4 : 16 4 4 ___2 2 2 
    4 >
... 2 < 17 4 4 2 2
    2 : 17 4 2 _2_2 2 2 
    2 >
... 3 < 17 4 4 3 2
    3 : 17 3 3 __10 2 2 
    3 >
... 3 < 24 3 2 3 0
    3 : 17 3 3 _010 2 2 
    3 > 17 4 3 1 2, 17 4 3 2 2, 17 4 3 3 2, 17 4 3 4 2
... 3 < 18 4 3 3 2
    3 : 17 4 3 __22 2 2 
    3 >
... 2 < 19 4 3 2 2
    2 : 19 4 2 _222 1 2 
    2 > 19 5 2 1 1, 19 5 2 2 1, 19 5 2 3 1, 19 5 2 4 1
... 4 < 19 4 3 4 2
    4 : 19 4 4 __22 2 2 
    4 >
... 2 < 20 5 2 2 1
    2 : 20 5 2 _1__ 2 2 
    2 >
... 4 < 25 4 2 4 2
    4 : 25 4 4 _222 0 2 
    4 > 25 5 4 1 0, 25 5 4 2 0, 25 5 4 3 0, 25 5 4 4 0
... 4 < 26 5 4 4 0
    4 : 26 5 4 ___0 2 2 
    4 >
... 2 < 27 5 4 2 0
    2 : 27 5 2 _1_0 2 2 
    2 >
... 3 < 27 5 4 3 0
    3 : 27 4 3 __22 2 2 
    3 >
... 4 < 29 5 2 4 1
    4 : 29 5 4 _1_0 2 2 
    4 >
... 3 < 35 4 2 3 2
    3 : 27 4 3 _222 1 2 
    3 > 27 5 3 1 1, 27 5 3 2 1, 27 5 3 3 1, 27 5 3 4 1
... 3 < 28 5 3 3 1
    3 : 27 5 3 __10 2 2 
    3 >
... 2 < 29 5 3 2 1
    2 : 29 5 2 _110 2 2 
    2 > 29 6 2 1 2, 29 6 2 2 2, 29 6 2 3 2, 29 6 2 4 2
... 4 < 29 5 3 4 1
    4 : 29 5 4 _110 2 2 
    4 > 29 6 4 1 2, 29 6 4 2 2, 29 6 4 3 2, 29 6 4 4 2
... 2 < 30 6 2 2 2
    2 : 30 6 2 _2__ 2 2 
    2 >
... 4 < 30 6 4 4 2
    4 : 30 6 4 ___2 2 2 
    4 >
... 2 < 31 6 4 2 2
    2 : 31 6 2 _2_2 2 2 
    2 >
... 3 < 31 6 4 3 2
    3 : 31 5 3 __10 2 2 
    3 >
... 3 < 39 5 2 3 1
    3 : 31 5 3 _110 2 2 
    3 > 31 6 3 1 2, 31 6 3 2 2, 31 6 3 3 2, 31 6 3 4 2
... 4 < 39 6 2 4 2
    4 : 39 6 4 _2_2 2 2 
    4 >
... 3 < 32 6 3 3 2
    3 : 31 6 3 __22 2 2 
    3 >
... 2 < 33 6 3 2 2
    2 : 33 6 2 _222 1 2 
    2 > 33 7 2 1 1, 33 7 2 2 1, 33 7 2 3 1, 33 7 2 4 1
... 4 < 33 6 3 4 2
    4 : 33 6 4 _222 0 2 
    4 > 33 7 4 1 0, 33 7 4 2 0, 33 7 4 3 0, 33 7 4 4 0
... 2 < 34 7 2 2 1
    2 : 34 7 2 _1__ 2 2 
    2 >
... 4 < 34 7 4 4 0
    4 : 34 7 4 ___0 2 2 
    4 >
... 2 < 35 7 4 2 0
    2 : 35 7 2 _1_0 2 2 
    2 >
... 3 < 35 7 4 3 0
    3 : 35 6 3 __22 2 2 
    3 >
... 4 < 43 7 2 4 1
    4 : 43 7 4 _1_0 2 2 
    4 >
... 3 < 49 6 2 3 2
    3 : 35 6 3 _222 0 2 
    3 > 35 7 3 1 0, 35 7 3 2 0, 35 7 3 3 0, 35 7 3 4 0
... 3 < 36 7 3 3 0
    3 : 35 7 3 __00 2 2 
    3 >
... 2 < 37 7 3 2 0
    2 : 37 7 2 _100 2 2 
    2 > 37 8 2 1 2, 37 8 2 2 2, 37 8 2 3 2, 37 8 2 4 2
... 4 < 37 7 3 4 0
    4 : 37 7 4 _100 2 2 
    4 > 37 8 4 1 2, 37 8 4 2 2, 37 8 4 3 2, 37 8 4 4 2
... 2 < 38 8 2 2 2
    2 : 38 8 2 _2__ 2 2 
    2 >
... 4 < 38 8 4 4 2
    4 : 38 8 4 ___2 2 2 
    4 >
... 2 < 39 8 4 2 2
    2 : 39 8 2 _2_2 2 2 
    2 >
... 3 < 39 8 4 3 2
    3 : 39 7 3 __00 2 2 
    3 >
... 4 < 47 8 2 4 2
    4 : 47 8 4 _2_2 2 2 
    4 >
... 3 < 53 7 2 3 1
    3 : 39 7 3 _100 2 2 
    3 > 39 8 3 1 2, 39 8 3 2 2, 39 8 3 3 2, 39 8 3 4 2
... 3 < 40 8 3 3 2
    3 : 39 8 3 __22 2 2 
    3 >
... 2 < 41 8 3 2 2
    2 : 41 8 2 _222 1 2 
    2 > 41 9 2 1 1, 41 9 2 2 1, 41 9 2 3 1, 41 9 2 4 1
... 4 < 41 8 3 4 2
    4 : 41 8 4 _222 1 2 
    4 > 41 9 4 1 1, 41 9 4 2 1, 41 9 4 3 1, 41 9 4 4 1
... 2 < 42 9 2 2 1
    2 : 42 9 2 _1__ 2 2 
    2 >
... 4 < 42 9 4 4 1
    4 : 42 9 4 ___1 2 2 
    4 >
... 2 < 43 9 4 2 1
    2 : 43 9 2 _1_1 2 2 
    2 >
... 3 < 43 9 4 3 1
    3 : 43 8 3 __22 2 2 
    3 >
... 4 < 51 9 2 4 1
    4 : 51 9 4 _1_1 2 2 
    4 >
... 3 < 57 8 2 3 2
    3 : 43 8 3 _222 0 2 
    3 > 43 9 3 1 0, 43 9 3 2 0, 43 9 3 3 0, 43 9 3 4 0
... 3 < 44 9 3 3 0
    3 : 43 9 3 __01 2 2 
    3 >
... 2 < 45 9 3 2 0
    2 : 45 9 2 _101 2 2 
    2 > 45 10 2 1 2, 45 10 2 2 2, 45 10 2 3 2, 45 10 2 4 2
... 4 < 45 9 3 4 0
    4 : 45 9 4 _101 2 2 
    4 > 45 10 4 1 2, 45 10 4 2 2, 45 10 4 3 2, 45 10 4 4 2
... 2 < 46 10 2 2 2
    2 : 46 10 2 _2__ 2 2 
    2 >
... 4 < 46 10 4 4 2
    4 : 46 10 4 ___2 2 2 
    4 >
... 2 < 47 10 4 2 2
    2 : 47 10 2 _2_2 2 2 
    2 >
... 3 < 47 10 4 3 2
    3 : 47 9 3 __01 2 2 
    3 >
... 4 < 55 10 2 4 2
    4 : 55 10 4 _2_2 2 2 
    4 >
... 3 < 61 9 2 3 1
    3 : 47 9 3 _101 2 2 
    3 > 47 10 3 1 2, 47 10 3 2 2, 47 10 3 3 2, 47 10 3 4 2
... 3 < 48 10 3 3 2
    3 : 47 10 3 __22 2 2 
    3 >
... 2 < 49 10 3 2 2
    2 : 49 10 2 _222 1 2 
    2 > 49 11 2 1 1, 49 11 2 2 1, 49 11 2 3 1, 49 11 2 4 1
... 4 < 49 10 3 4 2
    4 : 49 10 4 _222 1 2 
    4 > 49 11 4 1 1, 49 11 4 2 1, 49 11 4 3 1, 49 11 4 4 1
... 2 < 50 11 2 2 1
    2 : 50 11 2 _1__ 2 2 
    2 >
... 4 < 50 11 4 4 1
    4 : 50 11 4 ___1 2 2 
    4 >
... 2 < 51 11 4 2 1
    2 : 51 11 2 _1_1 2 2 
    2 >
... 3 < 51 11 4 3 1
    3 : 51 10 3 __22 2 2 
    3 >
... 4 < 59 11 2 4 1
    4 : 59 11 4 _1_1 2 2 
    4 >
... 3 < 65 10 2 3 2
    3 : 51 10 3 _222 1 2 
    3 > 51 11 3 1 1, 51 11 3 2 1, 51 11 3 3 1, 51 11 3 4 1
... 3 < 52 11 3 3 1
    3 : 51 11 3 __11 2 2 
    3 >
... 2 < 53 11 3 2 1
    2 : 53 11 2 _111 1 2 
    2 > 53 12 2 1 1, 53 12 2 2 1, 53 12 2 3 1, 53 12 2 4 1
... 4 < 53 11 3 4 1
    4 : 53 11 4 _111 1 2 
    4 > 53 12 4 1 1, 53 12 4 2 1, 53 12 4 3 1, 53 12 4 4 1
... 2 < 54 12 2 2 1
    2 : 54 12 2 _1__ 2 2 
    2 >
... 4 < 54 12 4 4 1
    4 : 54 12 4 ___1 2 2 
    4 >
... 2 < 55 12 4 2 1
    2 : 55 12 2 _1_1 2 2 
    2 >
... 3 < 55 12 4 3 1
    3 : 55 11 3 __11 2 2 
    3 >
... 4 < 63 12 2 4 1
    4 : 63 12 4 _1_1 2 2 
    4 >
... 3 < 69 11 2 3 1
    3 : 55 11 3 _111 1 2 
    3 > 55 12 3 1 1, 55 12 3 2 1, 55 12 3 3 1, 55 12 3 4 1
... 3 < 56 12 3 3 1
    3 : 55 12 3 __11 2 2 
    3 >
... 2 < 57 12 3 2 1
    2 : 57 12 2 _111 1 1 !
    2 > 57 13 2 1 1, 57 13 2 2 1, 57 13 2 3 1, 57 13 2 4 1
... 4 < 57 12 3 4 1
    4 : 57 12 4 _111 1 1 !
    4 > 57 13 4 1 1, 57 13 4 2 1, 57 13 4 3 1, 57 13 4 4 1
... 2 < 58 13 2 2 1
    2 : 58 13 2 _1__ 2 1 !
    2 >
... 4 < 58 13 4 4 1
    4 : 58 13 4 ___1 2 1 !
    4 >
... 2 < 59 13 4 2 1
    2 : 59 13 2 _1_1 2 1 !
    2 >
... 3 < 59 13 4 3 1
    3 : 59 12 3 __11 2 2 
    3 >
... 4 < 67 13 2 4 1
    4 : 67 13 4 _1_1 2 1 !
    4 >
... 3 < 73 12 2 3 1
    3 : 59 12 3 _111 1 1 !
    3 > 59 13 3 1 1, 59 13 3 2 1, 59 13 3 3 1, 59 13 3 4 1
... 3 < 60 13 3 3 1
    3 : 59 13 3 __11 2 1 !
    3 >
... 2 < 61 13 3 2 1
    2 : 61 13 2 _111 1 1 !
    2 > 61 14 2 1 1, 61 14 2 2 1, 61 14 2 3 1, 61 14 2 4 1
... 4 < 61 13 3 4 1
    4 : 61 13 4 _111 1 1 !
    4 > 61 14 4 1 1, 61 14 4 2 1, 61 14 4 3 1, 61 14 4 4 1
... 2 < 62 14 2 2 1
    2 : 62 14 2 _1__ 2 1 !
    2 >
... 4 < 62 14 4 4 1
    4 : 62 14 4 ___1 2 1 !
    4 >
... 2 < 63 14 4 2 1
    2 : 63 14 2 _1_1 2 1 !
    2 >
... 3 < 63 14 4 3 1
    3 : 63 13 3 __11 2 1 !
    3 >
... 4 < 71 14 2 4 1
    4 : 71 14 4 _1_1 2 1 !
    4 >
... 3 < 77 13 2 3 1
    3 : 63 13 3 _111 1 1 !
    3 > 63 14 3 1 1, 63 14 3 2 1, 63 14 3 3 1, 63 14 3 4 1
... 3 < 64 14 3 3 1
    3 : 63 14 3 __11 2 1 !
    3 >
... 2 < 65 14 3 2 1
    2 : 65 14 2 _111 1 1 !
    2 > 65 15 2 1 1, 65 15 2 2 1, 65 15 2 3 1, 65 15 2 4 1
... 4 < 65 14 3 4 1
    4 : 65 14 4 _111 1 1 !
    4 > 65 15 4 1 1, 65 15 4 2 1, 65 15 4 3 1, 65 15 4 4 1
... 2 < 66 15 2 2 1
    2 : 66 15 2 _1__ 2 1 !
    2 >
... 4 < 66 15 4 4 1
    4 : 66 15 4 ___1 2 1 !
    4 >
... 2 < 67 15 4 2 1
    2 : 67 15 2 _1_1 2 1 !
    2 >
... 3 < 67 15 4 3 1
    3 : 67 14 3 __11 2 1 !
    3 >
... 4 < 75 15 2 4 1
    4 : 75 15 4 _1_1 2 1 !
    4 >
... 3 < 81 14 2 3 1
    3 : 67 14 3 _111 1 1 !
    3 > 67 15 3 1 1, 67 15 3 2 1, 67 15 3 3 1, 67 15 3 4 1
... 3 < 68 15 3 3 1
    3 : 67 15 3 __11 2 1 !
    3 >
... 2 < 69 15 3 2 1
    2 : 69 15 2 _111 1 1 !
    2 > 69 16 2 1 1, 69 16 2 2 1, 69 16 2 3 1, 69 16 2 4 1
... 4 < 69 15 3 4 1
    4 : 69 15 4 _111 1 1 !
    4 > 69 16 4 1 1, 69 16 4 2 1, 69 16 4 3 1, 69 16 4 4 1
... 2 < 70 16 2 2 1
    2 : 70 16 2 _1__ 2 1 !
    2 >
... 4 < 70 16 4 4 1
    4 : 70 16 4 ___1 2 1 !
    4 >
... 2 < 71 16 4 2 1
    2 : 71 16 2 _1_1 2 1 !
    2 >
... 3 < 71 16 4 3 1
    3 : 71 15 3 __11 2 1 !
    3 >
... 4 < 79 16 2 4 1
    4 : 79 16 4 _1_1 2 1 !
    4 >
... 3 < 85 15 2 3 1
    3 : 71 15 3 _111 1 1 !
    3 > 71 16 3 1 1, 71 16 3 2 1, 71 16 3 3 1, 71 16 3 4 1
... 3 < 72 16 3 3 1
    3 : 71 16 3 __11 2 1 !
    3 >
... 2 < 73 16 3 2 1
    2 : 73 16 2 _111 1 1 !
    2 > 73 17 2 1 1, 73 17 2 2 1, 73 17 2 3 1, 73 17 2 4 1
... 4 < 73 16 3 4 1
    4 : 73 16 4 _111 1 1 !
    4 > 73 17 4 1 1, 73 17 4 2 1, 73 17 4 3 1, 73 17 4 4 1
... 2 < 74 17 2 2 1
    2 : 74 17 2 _1__ 2 1 !
    2 >
... 4 < 74 17 4 4 1
    4 : 74 17 4 ___1 2 1 !
    4 >
... 2 < 75 17 4 2 1
    2 : 75 17 2 _1_1 2 1 !
    2 >
... 3 < 75 17 4 3 1
    3 : 75 16 3 __11 2 1 !
    3 >
... 4 < 83 17 2 4 1
    4 : 83 17 4 _1_1 2 1 !
    4 >
... 3 < 89 16 2 3 1
    3 : 75 16 3 _111 1 1 !
    3 > 75 17 3 1 1, 75 17 3 2 1, 75 17 3 3 1, 75 17 3 4 1
... 3 < 76 17 3 3 1
    3 : 75 17 3 __11 2 1 !
    3 >
... 2 < 77 17 3 2 1
    2 : 77 17 2 _111 1 1 !
    2 > 77 18 2 1 1, 77 18 2 2 1, 77 18 2 3 1, 77 18 2 4 1
... 4 < 77 17 3 4 1
    4 : 77 17 4 _111 1 1 !
    4 > 77 18 4 1 1, 77 18 4 2 1, 77 18 4 3 1, 77 18 4 4 1
... 2 < 78 18 2 2 1
    2 : 78 18 2 _1__ 2 1 !
    2 >
... 4 < 78 18 4 4 1
    4 : 78 18 4 ___1 2 1 !
    4 >
... 2 < 79 18 4 2 1
    2 : 79 18 2 _1_1 2 1 !
    2 >
... 3 < 79 18 4 3 1
    3 : 79 17 3 __11 2 1 !
    3 >
... 4 < 87 18 2 4 1
    4 : 87 18 4 _1_1 2 1 !
    4 >
... 3 < 93 17 2 3 1
    3 : 79 17 3 _111 1 1 !
    3 > 79 18 3 1 1, 79 18 3 2 1, 79 18 3 3 1, 79 18 3 4 1
... 3 < 80 18 3 3 1
    3 : 79 18 3 __11 2 1 !
    3 >
... 2 < 81 18 3 2 1
    2 : 81 18 2 _111 1 1 !
    2 > 81 19 2 1 1, 81 19 2 2 1, 81 19 2 3 1, 81 19 2 4 1
... 4 < 81 18 3 4 1
    4 : 81 18 4 _111 1 1 !
    4 > 81 19 4 1 1, 81 19 4 2 1, 81 19 4 3 1, 81 19 4 4 1
... 2 < 82 19 2 2 1
    2 : 82 19 2 _1__ 2 1 !
    2 >
... 4 < 82 19 4 4 1
    4 : 82 19 4 ___1 2 1 !
    4 >
... 2 < 83 19 4 2 1
    2 : 83 19 2 _1_1 2 1 !
    2 >
... 3 < 83 19 4 3 1
    3 : 83 18 3 __11 2 1 !
    3 >
... 4 < 91 19 2 4 1
    4 : 91 19 4 _1_1 2 1 !
    4 >
... 3 < 97 18 2 3 1
    3 : 83 18 3 _111 1 1 !
    3 > 83 19 3 1 1, 83 19 3 2 1, 83 19 3 3 1, 83 19 3 4 1
... 3 < 84 19 3 3 1
    3 : 83 19 3 __11 2 1 !
    3 >
... 2 < 85 19 3 2 1
    2 : 85 19 2 _111 1 1 !
    2 > 85 20 2 1 1, 85 20 2 2 1, 85 20 2 3 1, 85 20 2 4 1
... 4 < 85 19 3 4 1
    4 : 85 19 4 _111 1 1 !
    4 > 85 20 4 1 1, 85 20 4 2 1, 85 20 4 3 1, 85 20 4 4 1
... 2 < 86 20 2 2 1
    2 : 86 20 2 _1__ 2 1 !
    2 >
... 4 < 86 20 4 4 1
    4 : 86 20 4 ___1 2 1 !
    4 >
... 2 < 87 20 4 2 1
    2 : 87 20 2 _1_1 2 1 !
    2 >
... 3 < 87 20 4 3 1
    3 : 87 19 3 __11 2 1 !
    3 >
... 4 < 95 20 2 4 1
    4 : 95 20 4 _1_1 2 1 !
    4 >
... 3 < 101 19 2 3 1
    3 : 87 19 3 _111 1 1 !
    3 > 87 20 3 1 1, 87 20 3 2 1, 87 20 3 3 1, 87 20 3 4 1
... 3 < 88 20 3 3 1
    3 : 87 20 3 __11 2 1 !
    3 >
... 2 < 89 20 3 2 1
    2 : 89 20 2 _111 1 1 !
    2 -
... 4 < 89 20 3 4 1
    4 : 89 20 4 _111 1 1 !
    4 -
... 3 < 105 20 2 3 1
    3 : 105 20 3 _111 1 1 !
    3 -
